10
8
3
7
14
10
7
13
3
7
9
7
6
14
6
5
12
9
0
8
9
6
0
7
12
12
6
7
2
3
14
14
10
11
10
5
14
3
0
4
2
0
0
6
8
0
12
6
14
8
0
6
7
12
12
5
9
6
5
11
10
4
6
0
6
14
6
7
14
4
7
14
11
9
6
6
1
9
1
5
12
0
12
6
2
14
14
14
1
9
12
14
10
6
1
13
7
10
5
13
1
1
6
6
7
0
2
7
10
14
4
12
7
2
3
0
0
6
9
10
14
3
4
6
1
14
14
12
4
5
14
9
1
10
6
4
11
12
12
14
4
5
12
8
14
3
7
7
13
9
9
14
14
4
9
1
12
0
14
6
2
4
10
9
1
1
9
5
10
0
14
1
0
0
11
6
9
7
12
12
5
6
4
2
10
6
12
1
7
9
6
6
4
11
9
14
9
2
8
0
1
10
14
14
11
0
6
14
1
4
9
6
6
7
11
4
6
14
6
14
2
6
3
2
7
12
1
13
2
4
9
0
12
9
12
7
9
5
4
7
7
9
3
12
9
5
4
6
0
1
4
4
14
6
9
5
14
5
1
9
10
6
12
7
9
12
7
0
0
4
10
3
6
14
4
12
6
14
9
7
6
5
14
14
6
6
10
14
4
0
9
9
0
1
9
9
5
12
